0632452
1070013
0507453
2860332
0613018
4030117
0598561
1971702
0310034
4110220
3120187
2820566
3712712
3520125
2620124
0251826
0598452
3120800
3810227
0305564
2620479
4650478
1630209
0504641
2910244
0262283
4952088
1920424
0640552
1361866
0504550
0628106
0628265
2410985
2940554
2820198
0393397
0534088
4341441
0438725
4950313
2350844
4510054
2820225
0655440
2960180
2920273
1070031
3733835
0490579
2310282
0630664
4950145
3110508
0293721
1620234
2310705
0573480
3730691
0313682
2492038
4530044
0597656
0635650
4110048
4950113
0564134
2620065
2960312
3440321
3720062
3521430
2411327
2350280
3920072
4330470
3410134
0432888
0640548
0625253
3710665
2840251
4921154
3320779
2610040
3310077
3611077
2910844
2330068
0600354
3730328
0550997
0564566
2411127
4330157
0504473
3521317
3620832
0432915
0427190
0664491
3420159
3410061
2930816
3960739
0504328
2720045
0655131
0624702
0612008
0603148
2820025
0046869
0312331
0553727
0598789
2820102
0445683
4820950
2850208
4040037
0592688
3811300
0625485
2495068
0177723
0086776
0625071
4332254
3960620
0609671
4811313
3970077
0432274
0335238
0510785
0538923
1640115
3651552
2850044
1970174
3730605
2940522
3925086
0410050
2310064
3810368
3120173
3320129
0090977
0630646
1630059
2820584
0650777
3646050
0504532
3711120
3850302
4350183
2970573
0174357
0426671
0169332
3151443
0469259
0052953
1060084
3330835
4828780
0628138
2940231
0508172
0514189
0447180
4030317
3850025
0566613
2620079
0100859
0577311
0625221
0096096
4610234
3230732
2351195
4630329
0058818
0395903
4119965
3120123
2946205
0599717
3230746
0610874
0155486
4340063
0427968
2945990
0594735
4650591
0644942
0625417
0203146
3820660
2412082
0135814
0507603
2970723
3420068
3832300
3711239
3620078
0293399
0625803
0550965
4020538
0624984
3610099
0008136
2330018
4421263
4320055
4810549
4330034
0655218
0398333
0651878
0396472
3350011
0650840
4530012
1971520
0353171
0655868
0640807
0309736
0445110
0154426
3712780
3650342
3710201
2930434
0444055
2960112
2352323
2410371
0373070
3510150
4311086
0388281
0261928
0122005
3110485
3630134
0630137
3350043
0460978
2492024
2946005
0630319
0578094
4340463
4020588
2350521
2670074
0088582
0416701
0536549
3410289
4320019
0617258
0595527
0592779
3810481
0247516
3610035
3610108
3220080
3720703
2492010
0517787
0595286
2620283
2630012
0598575
4810662
0028467
0619696
0447712
3820242
0249413
4320269
0663386
0264017
0464009
3310372
3420072
4950218
0493218
3610758
0001811
0302443
0469768
0653802
3831118
0243253
0636583
3811596
0625849
2352755
4550084
0446784
2710157
4330298
4350224
2960544
2920378
3130116
3830017
0383445
0670735
0387776
3610835
4640130
4030103
0560685
0625499
0612026
0504396
0630141
0204942
2352682
4030585
3410320
2950038
4316040
3140072
1870130
0623065
0201944
1640010
0496284
3330126
0623788
0333909
0124007
0065671
4320037
2910567
0399298
1620098
0517741
0507853
0559446
0427972
0434985
4332240
2960499
4330107
0508081
3123153
4049986
3722814
3311146
2750105
0234739
0602992
0432892
3320101
0434917
0249663
0651832
0248053
0289752
0645043
0630591
2310250
3832641
3940058
4550016
0640843
0617967
4950240
0523980
0427095
0135741
3521462
0628142
3520216
3832596
4030553
3731310
4119997
4550070
0063988
0571606
0597810
0274664
4110252
3620191
0429283
0435763
0177755
0318896
4670022
4810103
0370509
0654030
2491078
0132266
3640509
0301647
3320133
2410167
0550260
2350494
3640563
0566481
0482388
0121695
3650792
0303021
0619505
0624239
0121518
2820807
4350165
3120264
0095959
0628110
4630010
0644760
0493236
3646323
3520648
0600613
3720349
2850230
0094044
4110020
1414726
0234666
4810012
2351686
2610018
0650727
2350317
2911890
0149960
0598484
2946091
0427209
1060989
3830899
4610325
3940094
0144338
0353399
0258082
0519802
0640598
2720104
0243299
0564425
2710066
1620052
3942723
4520015
0647904
0625453
0427954
4350379
4911002
0429374
0539565
3722719
1870071
0246538
3110449
4810349
0592860
0611511
0083691
2410721
4030153
0149956
3320197
3811364
0511113
0120558
0653743
4332727
2411290
3611031
0120394
0091014
0599826
0496193
2620051
2940463
2960730
0592610
2820916
4530426
1871063
2620215
0065099
2720168
0554250
3722264
0598070
1870203
1971766
4040019
0248085
3970045
4030567
4330498
0600340
4010159
0275688
2860269
2670092
4820764
4010313
0139931
3722755
0322510
2670038
3640709
2411640
0203087
0046473
2610054
0258537
0614919
2940168
0592115
2946241
0396468
3651934
2860023
3861373
4510040
0532022
4810535
0434294
3411003
2410549
0625449
0573703
0624370
4110139
0352193
0063910
0084847
0651000
0532109
0579195
0335224
3610330
0651414
0415773
3310990
0490583
0536694
3962222
1620048
3310754
0662130
0376537
0204906
0575755
0227221
0630337
0126495
0555838
3970613
0575614
2491519
3925004
0143623
0135755
0635787
0503281
2620483
3710029
4829063
0256985
0600322
0571597
1551015
4049990
0599921
0011640
0446489
4810230
4811559
0652224
0617985
2620360
1550378
4950309
0365439
2710034
0261978
3110299
0156973
3930033
4510254
0156755
0664528
3330071
0426435
0135955
1870271
0204324
2910717
0502762
0644960
0391359
0609867
1070213
0471535
0153975
3730700
3730196
3330021
1631100
0400180
2910149
3420109
3521321
2410694
3154287
0474274
2716030
0125976
0426403
3810495
0504928
0427281
0600390
3832796
0444073
0630678
3830835
0025114
3720044
3530445
0583641
4630301
0136006
0243144
0577484
0148982
3830158
0289766
2921001
4330052
0125544
0426562
0120512
3140327
3712362
2316929
0446984
3820610
4810371
0388245
2910121
0134345
4660152
0437074
3811528
0293458
4128807
3140218
3712762
3810954
3960216
0640861
0623801
0624952
4350488
0171018
3830912
0625944
4920271
0505306
0566209
1630031
0011759
0309718
3141046
0680205
2491014
2912355
0204956
4110339
2860532
0446475
0135937
0349611
2940295
0435109
3110162
0599830
0228081
2720095
0578030
0248108
2245021
4311268
4410074
3930992
4330511
3220212
2310828
0617149
0612226
2820261
0504300
2910167
2910549
0228572
0093852
0572511
0146699
4010272
0413630
2930161
4330066
4824304
4350424
3970659
0414690
1871445
0047924
4950272
2413315
3154205
0427172
0149974
0574072
0177737
1643618
4550216
3120791
3830108
2353206
0328716
0613090
0415769
2610022
0125512
0591391
2910399
0178856
0174452
3410166
4811422
0598434
3110180
0532113
4650464
3723088
3350025
0477818
4520051
3640204
2310741
0212529
2932563
0475420
0532131
4824627
4332127
0426908
0590890
4320487
0256917
1950316
0418480
3410261
0620853
3721672
0655836
4310280
4670036
0204938
4351125
3221131
0170771
3521785
4810199
3831136
2810014
3122707
0682611
1970360
3830403
1531120
0063906
0459284
0556866
4119951
0091000
0445479
3722119
3521717
3620050
3711057
3646096
2410094
0396109
0591355
1971352
0426803
3410170
4410151
3641450
3970059
0369465
3710083
0418553
0540609
0652533
4630456
0415791
3620064
0583746
3320997
4520338
0654094
0577216
0445651
3710174
4420803
0445342
0249659
0625885
3910661
3611027
0651864
0388459
0121681
0496248
2493111
3410811
1361870
2850149
0151828
4331258
2940536
2911509
0507962
0632543
0171054
4510022
0311812
2950010
3860872
0507649
2960017
0416715
4321479
0653666
2710189
1970415
3140436
3320151
0618004
4630274
3832619
2910521
2820570
0263934
0445324
0612135
4331062
2350749
3721527
3712358
3110576
2410353
2820702
0351688
1640038
2910367
0590131
4930064
4030599
4350042
0287869
1370021
4410460
0427081
3830144
0139622
0625394
0136060
0567300
0625912
0504750
4630179
2860041
3510437
0632507
0253773
0535911
4520279
0625376
0124748
2920623
3950037
0264071
0120526
0560776
3210097
4940011
0062514
2821308
4820346
0535898
3961226
3420086
0383459
4410383
0429338
0476226
3710360
3810209
0301429
3120355
3154164
0204883
3930247
0432901
4510018
0566190
4340522
1414712
4950022
2960580
3712576
0156414
3925018
1971552
2850276
0090331
3652099
2350767
0432288
2820239
0148996
0612121
0632448
0100863
3830926
0263998
0688130
4950195
0599971
2850030
3110580
2946087
0606441
2950260
4640499
0510608
0427695
3140109
3330344
3653609
0263116
2920582
0625053
0628097
2330022
0619682
4330020
2750082
2860055
4520079
1870194
0565671
2912373
4320473
2910026
0535884
3730073
2920069
0589388
0100827
0132139
0365611
0573921
3832728
0600754
1830055
3720444
3320179
4330311
0617971
2720118
2720013
3440121
0231672
0474288
0595531
2920637
0567691
0628051
0507635
0632593
3830526
2720122
0399084
2411727
0399402
3140818
0377006
0600059
0139581
0517937
4630597
3320010
0459389
3122034
0591373
2970591
2720063
4316036
3830685
0045740
0062837
0475939
3722296
0625853
0558422
3150015
1870085
0659967
0426667
0040322
2946146
4670018
4332781
0566463
3140377
3130198
1910772
4950222
2710107
0600968
3130061
0135828
2920091
3710574
0146744
0426849
3310168
2920023
3723224
0293408
4630442
0135541
3120014
0651391
0154444
2491064
0628124
3831477
0550933
2946237
2912119
0575587
2820075
0231686
2910012
0575573
1972017
0007958
0429356
4810026
0169382
3110067
1950352
2820720
0566122
3720535
0655054
0332153
2350721
2820439
4330416
0293521
4420308
2316888
2320057
3160058
4822516
2411622
2370016
0388263
2910280
3520652
3720058
2860146
0293430
0178515
0598757
0201271
2940031
0432947
0414636
0377010
0399684
4110034
0557094
0505429
0363500
0612349
4020029
0539583
2710666
3830035
0132161
0617953
0688394
0126518
0618563
0351074
0524877
0376664
0023699
0640534
0578012
0383463
0577234
1950348
2820170
3910011
3850011
0399707
0574018
0625421
3960016
4810676
3130211
4350951
4950359
0598775
0559432
3730314
0031294
0263952
0373557
4650587
3630039
2410626
0139236
0399070
0243194
0042974
0524863
0475911
2940568
0601091
0065108
2930802
2850785
4660166
0426853
0654935
0418521
3150388
0623792
0313046
4510113
0542106
3711457
2720059
2920087
0640752
3640404
2912337
4951387
3960311
0537745
2491000
3710015
0600809
0597715
2495018
0396486
0318387
0625435
0657329
1870053
2310014
2850876
0089633
2920469
2410476
3720135
2940081
3310481
2350335
0612844
0047910
0573626
1971689
0688249
0688253
3831372
1630013
0293662
0150218
0151791
0149924
3860563
0150254
2491028
2860223
0459125
3610176
2860019
4420726
0617208
0504241
3730978
2716012
4010018
4420744
0248162
3130075
0025091
0302439
0628160
0652301
0135387
2911127
4010204
3722800
0435090
0170753
0401863
4310626
0651600
4030167
0351056
3811487
3723597
2912105
0150668
3712744
1630077
0447708
4030367
2850094
0648223
3610194
0630587
2850167
2420328
3711475
0444069
3121210
0568174
0415755
4520029
3710906
0648300
0600009
2940227
0599721
3640559
0472145
0065071
0301633
4340081
3410370
3810590
0151800
0302889
0100813
3720680
4810862
3832346
0148605
3410075
4340154
0474256
0508077
0625249
0426699
0293535
2310478
0293476
0531153
3150374
3811291
0451290
4650482
0342823
0249754
0583350
2350276
0632498
0429433
0625508
2940540
2316874
0135723
0125530
2411163
0175058
0641326
0063938
1643581
4340059
2940013
0602974
0399393
0025146
4950127
0327974
0344489
3710879
2710052
3150960
3652049
0572107
2710175
0447221
0090195
0101237
3620082
0598802
0624766
3910320
2740067
4340477
0617044
1761254
0204924
0620508
1551342
0625467
0598470
3830099
0427154
0100845
1630027
0625930
2710143
4320182
0426580
3530027
4420730
0430236
1630354
2820766
0366035
3130239
3321707
3910439
3140159
0507126
3140509
4810076
0144829
4040350
2670024
3820515
4030676
3950196
0215868
3510041
0437129
0053195
0327233
2630026
0612094
0065326
0670753
0121704
2491046
4911020
3930988
0577161
0615010
0537959
3510019
3830085
0139563
4920021
0640839
1640042
4650573
0076547
3110308
0669091
0571565
0154462
0054955
0148950
3320638
0616757
3710479
0120603
0655486
0598448
0475448
4316236
4820364
0169350
4340627
2353197
0197022
0603093
0625403
3640490
2940459
4810399
0135896
3410152
0556725
0008922
2310278
3712394
0652038
0155509
0226225
3154269
0630169
4120031
2921865
3838760
0447176
0600813
3520098
0597979
2860037
1971398
2330177
3862092
4030680
4811745
0395858
0121522
3331077
2920350
4340659
0174266
3520420
3710401
4435737
3120214
0259642
0458979
0249681
3910443
0598648
0157101
0531971
4630292
3310263
3712594
0600859
0510303
0351092
0135369
0342714
0445310
0910569
3120646
0601005
0553854
0624716
0415082
0203764
0413771
4620045
4332131
0508045
3225058
4829209
1070336
0448677
2946164
0504782
0578008
2740112
0550165
0471521
2610036
3830112
0496220
2412028
0610951
4350179
3930142
0435686
0589342
3310059
0571129
0625817
2820348
3320474
0177741
3322294
0135941
0001839
0669087
4510036
0458983
3611172
4330189
0126504
0459048
3710297
0377038
2960249
3930047
3131003
4520233
4320178
2410880
0535925
0157115
0578585
0151814
0441225
3710342
4810385
0369433
0427122
0459357
0498040
3611081
4830189
4310399
0435777
0135591
2970555
0519707
3850384
2820811
0369142
3110017
0155468
3832087
0344516
0624211
2750119
2750014
0650977
2860382
4640485
4821188
1620016
0146730
4030076
0400271
3925040
2960744
0254656
0146762
0393379
2970737
4420758
1953728
0628174
0598066
0550365
0603061
3720553
3961599
1060616
3734190
3651461
0345344
2930252
0573599
0350705
1370112
2620451
0469740
3730037
0382899
0399098
0474260
0599999
3930465
4670040
0573694
0598593
0630478
0099844
2492060
0135664
0597747
3710560
0571074
3140418
0226798
0372674
3710033
4610220
3831445
4810608
0204338
4620495
0153452
1630154
4341514
0053022
0599985
3951156
4110234
4811759
4823067
2910030
0025637
0388481
4630183
4810476
3120232
0314606
3320206
0625926
0459484
0469518
2910517
0600740
3820088
0076456
0688221
3610962
0052862
0554650
3640090
0625235
3310304
0559414
3652271
0065253
0378739
2840015
0618595
3722696
0618490
0351129
2822081
1620111
0248035
4340045
1220214
0574804
2410335
0592729
0620453
2351559
0310466
1870021
0437010
0504437
0477731
0628083
4550175
2620138
2850721
1871009
0579181
3722769
0011745
0427645
0564152
3811473
0526847
2860219
4330284
0611098
0658066
3110049
0514420
0320168
3810213
0346009
2910599
3830394
2410553
0143996
0372147
4330307
0653707
0429429
0618577
2491541
2310600
0571488
3610403
0551125
0560671
0578058
2930343
3640040
3350116
0350737
2320061
0310561
0603089
0550929
1370085
0640570
0651432
4332836
0515317
2930016
3640395
0571115
0426821
2350321
4321483
0418535
3110394
3723638
0011159
4650496
2310082
0470802
3640595
3160585
0659703
4010486
3154196
3311796
3410570
4950331
0437024
4810408
3310063
0246542
3960816
0479365
0652101
4330507
0653561
2670088
3140195
0087772
3320729
3831768
4810262
0135678
0139618
2850058
0610806
0208023
2940095
0598793
0100877
0598666
4350115
0263170
1620020
0595309
0586794
0624166
2350626
4330389
0599703
3723397
4010236
0330765
0560712
0603075
0482201
0447099
2351727
0357416
3221177
0459420
1820062
2910208
0505447
3723406
3830049
3960020
0438711
0571088
3130243
4828776
0617917
3320747
1620034
0459016
0435563
0135323
0045809
3712912
0135864
4320378
3961008
3960284
0293412
3723606
0173515
0414622
0571056
0388463
0635646
2710020
0650872
4310044
0508304
2950060
0577189
3961185
0632070
1870162
0426712
3130625
0597797
0400912
0428750
0226857
0556743
3722741
2921015
0357684
3610976
0472727
3611168
3141173
0591882
0533737
2910553
3140240
4550066
4330393
3520961
1630081
0625380
0126481
2820334
3120137
0628251
3860309
3960070
2350753
0651882
3520593
0170767
3610158
2920255
0598557
2960203
0102306
0247120
0620530
0600336
0148964
0025641
2630030
2350503
0565708
0372133
0640584
3130039
4111076
0590004
4410088
0625471
2710016
3120719
4620077
2350294
2946182
4310026
0361780
0652529
0426685
3811532
2820607
2920641
0593448
3410302
0040786
0399193
3910134
3311714
3410243
2960530
0635705
2720027
1414708
0440483
0351765
3831736
0135650
3120591
2921851
0011654
3961212
2310264
2930339
0301592
0185150
3810518
3221195
3651457
4630101
0058804
0309695
0418876
0532090
4110157
0595672
3620046
3110099
0093834
0135923
0540786
3140995
4440057
4030949
0141635
3831063
3720880
0619719
0659721
4620059
2920596
4030662
2491032
0634381
3330217
3321561
3440026
0540190
2930416
0599844
3120141
4350133
2610068
1370126
0599694
3640913
0624752
3110203
3130093
