0251826
0630664
0177723
0630646
0122005
0630319
0617258
0469768
0243253
2352682
0248053
0429283
0177755
0121695
0121518
0149960
0149956
0120558
0120394
0248085
0126495
0426435
0204324
0125976
0148982
0125544
0120512
0011759
0248108
0228572
0149974
0177737
0125512
0399084
0475939
0126518
0399070
0313046
0542106
0151791
0151800
0125530
0121704
0120603
3712394
0121522
0249681
0177741
0126504
0151814
4821188
3710033
0204338
0248035
0011745
0126481
0617208
0519707
1953728
0249659
0121681
0151828
0120526
0249659
0121681
0151828
0120526
0148996
0132139
0573921
0132161
0149924
0148950
0658066
0148964
2310705
0514189
0444055
0388281
0598575
0302443
0387776
0539565
0156973
2310828
2310741
3722119
0507962
0504750
0302439
0568174
2310478
0448677
0550165
4620495
2310600
0659703
